  1.926  -0.537   0.143   0.113   0.050  -0.053   0.027  -0.074   0.203   0.076   0.055  -0.047  -0.129 
  1.894  -0.585  -0.066   0.031   0.094   0.074   0.048  -0.044   0.031   0.200   0.004  -0.113  -0.083 
  2.085  -0.416   0.110  -0.062  -0.120   0.029  -0.030  -0.026   0.001   0.092  -0.075  -0.064  -0.148 
  1.906  -0.482   0.207  -0.095  -0.061   0.035  -0.135   0.027  -0.047  -0.029   0.035   0.074   0.039 
  1.855  -0.561   0.035  -0.092   0.030  -0.059  -0.035   0.131  -0.046  -0.019   0.106  -0.020  -0.030 
  1.981  -0.505   0.009  -0.121  -0.048  -0.008  -0.047  -0.011  -0.095  -0.047   0.015   0.064  -0.020 
  2.346  -0.177   0.418   0.121  -0.047  -0.121  -0.168  -0.062  -0.085  -0.070   0.019   0.130   0.103 
  1.897  -0.544   0.067  -0.043   0.087  -0.064  -0.054  -0.192   0.046   0.080  -0.034   0.061   0.192 
  2.084  -0.607  -0.041   0.015   0.033  -0.091  -0.003   0.091   0.010  -0.016   0.070  -0.005   0.018 
  1.962  -0.472   0.135   0.053   0.079  -0.036   0.069   0.030  -0.105   0.026   0.030   0.036  -0.019 
  1.936  -0.623   0.010  -0.029   0.097  -0.012   0.042   0.167   0.097  -0.027   0.042   0.080   0.053 
  1.609  -0.670   0.038   0.066  -0.070  -0.138   0.056   0.075  -0.022   0.005  -0.074  -0.028  -0.068 
  1.914  -0.631   0.071   0.022   0.116   0.003  -0.091  -0.143  -0.027  -0.075   0.004   0.143  -0.089 
  2.136  -0.555   0.107  -0.027  -0.041   0.073   0.002  -0.126   0.127  -0.098   0.105   0.074  -0.089 
  2.102  -0.460   0.150  -0.103  -0.109   0.031   0.051  -0.134  -0.191   0.020   0.117  -0.120  -0.039 
  1.816  -0.516   0.255  -0.169  -0.095   0.074   0.080  -0.018   0.041   0.123   0.027  -0.059  -0.114 
  1.969  -0.491  -0.029  -0.163  -0.022   0.087   0.045   0.095   0.065   0.071   0.089  -0.084  -0.028 
  1.680  -0.484   0.051  -0.170  -0.094   0.102   0.119  -0.047   0.044  -0.002  -0.097   0.028   0.004 
  1.939  -0.529  -0.009  -0.006  -0.109  -0.195   0.203   0.023   0.021   0.022  -0.008   0.141  -0.083 
  1.932  -0.655  -0.027   0.028   0.167  -0.051  -0.025  -0.015   0.073  -0.009   0.087   0.150  -0.015 
  1.834  -0.683  -0.104  -0.051  -0.008   0.037  -0.148   0.029   0.082  -0.030  -0.063   0.055   0.091 
  1.924  -0.477   0.051  -0.042   0.010   0.041  -0.170   0.022   0.035   0.039   0.096   0.090   0.020 
  2.202  -0.354   0.092  -0.069   0.013  -0.078   0.027   0.131  -0.004  -0.001   0.007   0.006   0.061 
  1.934  -0.633  -0.059   0.095   0.071   0.127   0.090   0.103  -0.053  -0.045   0.054  -0.047   0.004 
  1.997  -0.682   0.109   0.017  -0.018  -0.004   0.034   0.181   0.013  -0.009   0.034  -0.072  -0.110 
  1.899  -0.636   0.100  -0.145  -0.082  -0.042  -0.014  -0.019   0.082  -0.044  -0.001   0.066  -0.119 
  1.708  -0.651   0.088  -0.150  -0.098  -0.138   0.027  -0.055   0.151  -0.018  -0.027  -0.050  -0.036 
  1.860  -0.627   0.204   0.060   0.071  -0.009   0.056   0.048   0.094   0.158  -0.045  -0.187   0.052 
  1.849  -0.599   0.058  -0.012   0.074   0.136   0.166   0.040   0.111   0.215   0.041   0.007  -0.018 
  2.291  -0.543   0.183   0.177   0.074  -0.100   0.007  -0.003  -0.012  -0.018  -0.057  -0.043  -0.160 
  2.098  -0.504   0.131  -0.040   0.032  -0.147  -0.046   0.235   0.094  -0.055   0.012  -0.153  -0.203 
  2.008  -0.530   0.266  -0.034   0.125   0.015  -0.115  -0.049  -0.042  -0.094   0.070   0.042  -0.124 
  2.079  -0.491   0.174   0.006   0.074   0.127   0.034  -0.093  -0.200  -0.113  -0.006   0.044  -0.062 
  2.057  -0.366   0.272   0.106   0.060  -0.023   0.117   0.006  -0.177  -0.074   0.187   0.055  -0.156 
  2.004  -0.566   0.130   0.176   0.029   0.027   0.113  -0.065  -0.072   0.069   0.121   0.023  -0.126 
  1.935  -0.401   0.256   0.200   0.065  -0.033  -0.003   0.027  -0.128  -0.047   0.127   0.013  -0.137 
  2.014  -0.308   0.366   0.133   0.049  -0.020  -0.032  -0.036   0.166   0.104   0.052  -0.046   0.006 
  2.211  -0.230   0.194  -0.034  -0.068  -0.185   0.012  -0.096  -0.002  -0.038   0.064   0.008  -0.027 
  2.303  -0.227   0.287   0.076   0.082  -0.027  -0.051  -0.096  -0.031   0.100   0.093   0.049  -0.008 
  2.264  -0.332   0.259   0.068   0.143   0.083  -0.024   0.058   0.104   0.125  -0.096  -0.035   0.013 
  2.417  -0.268   0.314   0.116   0.084  -0.042  -0.058   0.067   0.010   0.031  -0.104  -0.160   0.012 
  2.337  -0.392   0.278   0.323   0.250  -0.161  -0.107   0.132  -0.017  -0.149  -0.017   0.144   0.090 
  2.562  -0.212   0.156   0.301   0.199  -0.150   0.064   0.134  -0.010  -0.222  -0.030   0.253   0.138 
  2.814  -0.191   0.265   0.103   0.091  -0.034  -0.104  -0.067  -0.022  -0.191  -0.024   0.151  -0.038 
  2.914  -0.046   0.321   0.155   0.149  -0.077  -0.128  -0.165  -0.121  -0.169  -0.066  -0.023  -0.064 
  3.052  -0.019   0.295   0.240   0.286  -0.156  -0.189  -0.202  -0.104  -0.008  -0.038  -0.159  -0.039 
  3.415  -0.085   0.123   0.273   0.167  -0.147  -0.196   0.084   0.049  -0.047  -0.072  -0.046   0.057 
  3.631  -0.164  -0.014   0.268   0.259  -0.250  -0.334   0.091  -0.074  -0.321  -0.138  -0.022   0.069 
  3.941  -0.125   0.214   0.462   0.327  -0.263  -0.188   0.140  -0.076  -0.231   0.026   0.010   0.030 
  3.856  -0.085   0.183   0.629   0.334  -0.310  -0.114   0.285   0.121  -0.232  -0.061  -0.077  -0.071 
  3.909  -0.313  -0.022   0.221   0.432  -0.339  -0.162   0.216  -0.043  -0.011   0.117  -0.078   0.242 
  4.432  -0.293   0.138   0.170   0.301  -0.417  -0.233   0.232   0.023  -0.254  -0.005   0.017   0.216 
  4.965  -0.200   0.149   0.384   0.357  -0.415   0.028   0.361   0.150  -0.255   0.093  -0.073   0.174 
  6.547  -0.197   0.554   0.744   0.309  -0.133  -0.081   0.083   0.168  -0.315   0.065  -0.092   0.144 
  7.680   0.830   0.662   0.570   0.344  -0.130  -0.021   0.181  -0.014  -0.236   0.055  -0.144   0.033 
  7.975   1.265   0.958   0.885   0.398  -0.504  -0.289   0.281  -0.127  -0.130   0.048  -0.204   0.115 
  9.497   1.029   0.514   0.859   0.300  -0.420  -0.291   0.329  -0.036  -0.048   0.197  -0.275   0.086 
 10.175   0.891   0.338   0.828   0.252  -0.362  -0.234   0.356   0.008  -0.078   0.154  -0.297   0.166 
 10.397   0.760   0.230   0.924   0.245  -0.385  -0.277   0.392   0.112   0.056   0.155  -0.301   0.224 
 10.748   0.733   0.161   0.852   0.233  -0.336  -0.235   0.364   0.066   0.024   0.189  -0.362   0.225 
 10.824   0.728   0.024   0.800   0.121  -0.297  -0.307   0.380   0.167   0.060   0.267  -0.285   0.315 
 11.069   0.611   0.116   0.801   0.249  -0.290  -0.386   0.315   0.228   0.083   0.220  -0.419   0.318 
 11.390   0.576   0.049   0.612   0.354  -0.112  -0.319   0.161   0.279   0.039   0.111  -0.452   0.272 
 14.157   0.671  -0.310   0.465  -0.285  -0.008  -0.381  -0.047   0.297  -0.189   0.047  -0.194  -0.019 
 15.682   0.515  -0.630   0.174  -0.531  -0.188  -0.394  -0.040   0.259  -0.323   0.139  -0.204  -0.024 
 16.103   0.136  -0.931   0.044  -0.580  -0.034  -0.173   0.139   0.180  -0.296   0.049  -0.098   0.019 
 16.137   0.019  -0.915   0.018  -0.475   0.001  -0.156   0.157   0.052  -0.331  -0.101  -0.012   0.039 
 15.927   0.077  -1.051  -0.091  -0.463   0.009  -0.084   0.141   0.180  -0.272  -0.102   0.123   0.086 
 16.105   0.045  -0.961  -0.193  -0.373   0.011  -0.126   0.122   0.162  -0.367  -0.210   0.115   0.052 
 16.250  -0.037  -0.918  -0.287  -0.342  -0.006  -0.123   0.118   0.190  -0.396  -0.187   0.089   0.082 
 16.184   0.024  -0.972  -0.185  -0.365   0.018  -0.157   0.134   0.137  -0.441  -0.191   0.038   0.044 
 16.211  -0.035  -1.022  -0.156  -0.339  -0.010  -0.112   0.075   0.170  -0.431  -0.184   0.025  -0.088 
 16.213   0.013  -1.109  -0.136  -0.441   0.027  -0.207   0.064   0.248  -0.399  -0.142  -0.070  -0.206 
 16.060   0.238  -1.108  -0.063  -0.444  -0.160  -0.216  -0.041   0.262  -0.274  -0.084  -0.035  -0.294 
 15.117   0.776  -0.817   0.216  -0.328  -0.327  -0.255  -0.378   0.359  -0.372  -0.054  -0.133  -0.299 
 12.380   0.633  -0.170   0.327  -0.194  -0.045  -0.201   0.062   0.346  -0.041  -0.094  -0.184  -0.105 
 14.600   0.544  -0.590   0.329  -0.444   0.002  -0.421  -0.141   0.309  -0.258  -0.192  -0.180  -0.165 
 14.920   0.535  -1.072   0.230  -0.422  -0.159  -0.254  -0.244   0.491  -0.387  -0.195  -0.079  -0.234 
 14.490   0.636  -1.236   0.395  -0.521  -0.170  -0.230  -0.235   0.338  -0.431  -0.146  -0.043  -0.292 
 14.908   0.366  -1.188   0.254  -0.645  -0.162  -0.195  -0.238   0.287  -0.494  -0.208  -0.200  -0.245 
 15.118  -0.027  -1.141   0.036  -0.622  -0.220  -0.019  -0.244   0.132  -0.498  -0.337  -0.210  -0.382 
 15.292  -0.064  -1.174   0.155  -0.641  -0.251  -0.084  -0.280  -0.011  -0.497  -0.289  -0.264  -0.344 
 15.216  -0.101  -1.170   0.284  -0.680  -0.218  -0.268  -0.254   0.057  -0.424  -0.321  -0.372  -0.296 
 14.655   0.109  -0.965   0.378  -0.673  -0.146  -0.427  -0.207   0.053  -0.320  -0.384  -0.340  -0.216 
 13.433   0.504  -0.500   0.368  -0.535   0.080  -0.601  -0.161  -0.009  -0.300  -0.270  -0.229  -0.111 
 11.218   0.181  -0.191   0.505  -0.148   0.042  -0.265  -0.065   0.010  -0.315  -0.115   0.038  -0.125 
 10.194   0.045  -0.646   0.297   0.174   0.084  -0.025   0.061  -0.030  -0.122  -0.142  -0.057  -0.224 
  8.188  -0.179  -0.181   0.217   0.022  -0.185  -0.087   0.006   0.353   0.069  -0.085   0.019  -0.243 
  7.298  -0.355  -0.065   0.194  -0.087  -0.349  -0.063  -0.133   0.231   0.150  -0.021  -0.159  -0.243 
  6.517  -0.525  -0.137  -0.036   0.022  -0.226  -0.004   0.068   0.221  -0.030  -0.171  -0.128  -0.145 
  6.771  -0.598  -0.456   0.039   0.180  -0.138   0.050   0.029   0.131   0.099  -0.307  -0.295  -0.063 
 11.285  -0.866  -1.245  -0.171   0.162  -0.375  -0.348   0.190  -0.148  -0.196   0.067   0.012  -0.031 
 13.261  -0.251  -1.217  -0.475  -0.067  -0.416  -0.630  -0.011  -0.015  -0.305   0.047  -0.032  -0.208 
 13.079  -0.111  -0.688  -0.454  -0.341  -0.388  -0.516  -0.023   0.012  -0.354  -0.100   0.012  -0.086 
 14.187   0.534  -0.383   0.035  -0.568  -0.017  -0.577  -0.363   0.027  -0.472  -0.425  -0.176  -0.247 
 15.027   0.360  -0.862  -0.009  -0.636   0.168  -0.765  -0.154  -0.052  -0.339  -0.597  -0.280  -0.241 
 14.792   0.200  -0.982  -0.258  -0.534   0.248  -0.699   0.023  -0.110  -0.140  -0.690  -0.325  -0.320 
 14.768   0.302  -1.028  -0.281  -0.431   0.306  -0.724   0.013  -0.108  -0.046  -0.617  -0.378  -0.257 
 14.876   0.280  -1.184  -0.390  -0.414   0.362  -0.616  -0.146  -0.144  -0.037  -0.637  -0.325  -0.397 
 15.157   0.143  -1.222  -0.429  -0.547   0.542  -0.692  -0.192  -0.212  -0.093  -0.528  -0.325  -0.379 
 14.899   0.127  -1.230  -0.495  -0.567   0.699  -0.437  -0.079  -0.172   0.019  -0.459  -0.241  -0.461 
 14.496   0.326  -0.999  -0.501  -0.774   0.718  -0.358  -0.128  -0.286  -0.036  -0.390  -0.243  -0.372 
 14.171   0.563  -0.675  -0.508  -0.766   0.697  -0.264  -0.159  -0.241   0.063  -0.483  -0.149  -0.328 
 13.626   0.914  -0.489  -0.381  -0.908   0.683  -0.047  -0.041  -0.335  -0.049  -0.353  -0.095  -0.295 
 12.543   0.924  -0.115  -0.237  -0.579   0.434   0.185  -0.107  -0.333  -0.095  -0.076  -0.042  -0.219 
 12.107   0.673  -0.067  -0.159  -0.236   0.495   0.069  -0.043  -0.234  -0.246  -0.067  -0.063  -0.007 
 11.815   0.452  -0.093  -0.136  -0.159   0.448   0.185   0.052  -0.270  -0.288  -0.141   0.090   0.090 
 11.383   0.651   0.028  -0.243  -0.171   0.362   0.205  -0.003  -0.312  -0.261  -0.049   0.031  -0.041 
 11.241   0.744   0.210  -0.220  -0.294   0.255   0.215  -0.078  -0.342  -0.284   0.009   0.019  -0.003 
 11.371   1.035   0.143  -0.354  -0.460   0.263   0.009  -0.023  -0.365  -0.117  -0.158   0.110   0.201 
 12.260   1.317   0.024  -0.528  -0.763   0.337  -0.232  -0.109  -0.258  -0.084  -0.082   0.057   0.075 
 13.156   1.613  -0.343  -0.719  -1.046   0.420  -0.175  -0.052  -0.303   0.056  -0.210   0.033  -0.060 
 13.712   1.357  -0.632  -0.825  -0.968   0.636  -0.175  -0.031  -0.386   0.082  -0.228  -0.123  -0.156 
 13.649   1.196  -0.738  -0.894  -0.781   0.797  -0.158  -0.106  -0.308  -0.128  -0.264  -0.174  -0.210 
 13.552   1.114  -0.780  -0.861  -0.764   0.868  -0.170  -0.157  -0.256  -0.183  -0.239  -0.281  -0.139 
 13.724   0.930  -0.734  -0.869  -0.751   0.873  -0.160  -0.200  -0.210  -0.228  -0.212  -0.220  -0.243 
 13.622   1.015  -0.702  -0.915  -0.675   0.858  -0.147  -0.254  -0.221  -0.195  -0.189  -0.251  -0.268 
 13.662   0.981  -0.781  -0.893  -0.688   0.892  -0.189  -0.214  -0.283  -0.074  -0.217  -0.326  -0.150 
 13.711   0.962  -0.807  -0.882  -0.637   0.861  -0.174  -0.264  -0.255  -0.059  -0.183  -0.375  -0.190 
 14.042   0.885  -0.912  -0.806  -0.555   0.761  -0.240  -0.242  -0.112  -0.104  -0.258  -0.278  -0.177 
 14.165   0.818  -0.885  -0.749  -0.545   0.704  -0.246  -0.255  -0.023  -0.139  -0.323  -0.303  -0.062 
 14.240   0.793  -0.856  -0.665  -0.452   0.430  -0.191  -0.186   0.053  -0.171  -0.419  -0.231  -0.053 
 14.135   0.754  -0.696  -0.606  -0.359   0.179  -0.171  -0.087   0.101  -0.258  -0.465  -0.108  -0.070 
 13.962   0.608  -0.379  -0.532  -0.349   0.072  -0.294   0.024   0.040  -0.271  -0.412   0.031  -0.040 
 13.062   0.673   0.032  -0.403  -0.043  -0.215  -0.290  -0.173   0.150  -0.338  -0.277   0.123  -0.002 
 11.924   0.137   0.420   0.017   0.097  -0.354  -0.133  -0.327   0.041  -0.268  -0.268   0.111   0.151 
 10.763  -0.451   0.550  -0.194   0.096  -0.248  -0.062  -0.231   0.235  -0.044  -0.240  -0.005   0.042 
  9.260  -0.996   0.282  -0.403   0.224  -0.160  -0.075   0.044   0.133  -0.096  -0.027  -0.001  -0.169 
  8.712  -1.551   0.142  -0.227   0.076  -0.253   0.037   0.132  -0.038  -0.183  -0.149  -0.234  -0.045 
  8.076  -1.793   0.010  -0.379   0.180  -0.164   0.133   0.087  -0.092  -0.109   0.078  -0.084  -0.120 
  7.756  -1.853   0.029  -0.215   0.330  -0.162  -0.067  -0.099  -0.068  -0.033   0.198   0.018  -0.130 
  8.106  -2.030   0.154  -0.228   0.056  -0.226   0.020   0.013  -0.002  -0.060   0.004  -0.007  -0.121 
  9.599  -1.652  -0.016  -0.295   0.142  -0.262  -0.207  -0.031  -0.164  -0.346  -0.074  -0.094  -0.129 
 10.444  -1.349   0.062  -0.245  -0.013  -0.571  -0.149  -0.134  -0.145  -0.352   0.024   0.013  -0.213 
 10.577  -1.798   0.149  -0.254   0.085  -0.556  -0.137  -0.001  -0.103  -0.403   0.034  -0.034  -0.178 
 10.888  -1.845   0.090  -0.225   0.092  -0.535   0.195  -0.008  -0.321  -0.430   0.061   0.002  -0.275 
 11.472  -1.385   0.278   0.198   0.122  -0.416   0.112   0.000  -0.156  -0.269   0.022  -0.037  -0.368 
 11.357  -0.582   0.740   0.701   0.113  -0.264   0.106  -0.210  -0.299  -0.257  -0.149  -0.130  -0.216 
 11.197   0.049   0.878   0.832  -0.158  -0.324   0.055  -0.347  -0.349  -0.246  -0.210  -0.301  -0.095 
 11.138   0.064   0.867   0.924  -0.445  -0.049   0.075  -0.334  -0.439  -0.343  -0.307  -0.387   0.021 
 11.150   0.078   0.779   0.880  -0.502   0.079   0.139  -0.376  -0.379  -0.329  -0.323  -0.457  -0.114 
 10.906   0.129   0.927   0.765  -0.707   0.159   0.248  -0.611  -0.190  -0.292  -0.340  -0.478  -0.131 
 10.726   0.134   0.880   0.771  -0.639   0.026   0.083  -0.480  -0.064  -0.229  -0.303  -0.487  -0.116 
 10.505   0.083   0.981   0.749  -0.647   0.085  -0.058  -0.634   0.127  -0.190  -0.361  -0.354  -0.220 
 10.326   0.004   0.999   0.696  -0.630   0.079   0.005  -0.597   0.005  -0.192  -0.339  -0.251  -0.200 
 10.261   0.019   1.018   0.622  -0.505  -0.010  -0.037  -0.495  -0.127  -0.208  -0.296  -0.157  -0.176 
 10.215  -0.141   0.979   0.886  -0.578  -0.174   0.093  -0.551  -0.143  -0.119  -0.305  -0.116  -0.134 
  9.888  -0.135   1.017   0.894  -0.603  -0.150   0.150  -0.627  -0.110  -0.152  -0.355  -0.037   0.016 
  9.487   0.314   1.231   0.925  -0.572  -0.200   0.163  -0.631  -0.127  -0.140  -0.341  -0.022   0.031 
  8.853   0.263   1.569   0.996  -0.423  -0.185   0.085  -0.685  -0.135  -0.173  -0.229   0.035  -0.078 
  8.411   0.244   1.595   1.171  -0.488  -0.124   0.156  -0.699  -0.102  -0.155  -0.240  -0.018  -0.107 
  7.473   0.460   1.661   1.191  -0.225  -0.229   0.051  -0.658  -0.117  -0.064  -0.191  -0.035  -0.169 
  7.178   0.765   1.488   1.024  -0.297  -0.088   0.196  -0.657   0.100  -0.176  -0.349   0.014  -0.168 
  6.845   0.726   1.448   0.871  -0.269   0.015   0.193  -0.654   0.068  -0.249  -0.441  -0.041  -0.054 
  5.653   0.635   1.599   0.860  -0.186  -0.019   0.188  -0.545   0.249  -0.135  -0.333   0.005   0.034 
  5.317   0.944   1.350   0.824  -0.070  -0.095   0.184  -0.502   0.166  -0.031  -0.322   0.018  -0.208 
  4.953   1.053   1.146   0.773   0.025  -0.026   0.184  -0.402   0.164  -0.008  -0.318   0.053  -0.151 
  3.852   0.730   1.123   0.836   0.169  -0.019   0.168  -0.157   0.077  -0.043  -0.336  -0.083  -0.346 
  3.231   0.269   0.771   0.574   0.187   0.269   0.290  -0.015  -0.072  -0.222  -0.162  -0.069  -0.227 
  2.722   0.023   0.695   0.507   0.319   0.481   0.287  -0.118  -0.043  -0.071  -0.105  -0.126  -0.179 
  2.547  -0.192   0.582   0.492   0.376   0.417   0.273  -0.085  -0.087  -0.002  -0.026  -0.161  -0.144 
  2.359  -0.394   0.424   0.314   0.194   0.231   0.118  -0.090   0.068  -0.050  -0.034  -0.033  -0.080 
  1.850  -0.712   0.229   0.252   0.027  -0.102   0.057  -0.116  -0.159   0.013   0.129  -0.116   0.017 
  2.025  -0.596   0.248   0.234  -0.036  -0.059   0.001  -0.016  -0.078  -0.094   0.023  -0.109  -0.080 
  1.984  -0.465   0.171   0.054   0.066   0.046  -0.118   0.117  -0.009  -0.074  -0.083  -0.080  -0.065 
  2.535  -0.458   0.085  -0.006   0.111   0.106  -0.004   0.062  -0.074  -0.164  -0.157  -0.012   0.034 
  2.231  -0.472  -0.075  -0.191  -0.027   0.092   0.078  -0.055  -0.013  -0.057   0.043  -0.069   0.013 
  2.013  -0.421   0.137  -0.067   0.117  -0.020  -0.051   0.063  -0.051  -0.028  -0.053  -0.106  -0.052 
  2.051  -0.390   0.289   0.131   0.027  -0.147  -0.008  -0.130  -0.094  -0.014   0.004  -0.091  -0.091 
  2.273  -0.308   0.340   0.197  -0.034  -0.222   0.019  -0.050  -0.117   0.006   0.022   0.122  -0.060 
  2.187  -0.595   0.166   0.018  -0.067  -0.024  -0.008  -0.051  -0.096  -0.146  -0.093  -0.021   0.092 
  2.234  -0.639   0.185   0.025   0.029   0.045  -0.110  -0.076   0.065   0.001  -0.129  -0.045  -0.024 
  2.452  -0.470   0.185  -0.054  -0.027   0.086  -0.076  -0.010   0.040   0.016   0.006   0.017  -0.022 
  2.411  -0.442   0.141  -0.036  -0.013  -0.004  -0.018  -0.156  -0.150  -0.014  -0.129   0.026   0.053 
  2.353  -0.502   0.104  -0.147   0.055   0.043  -0.089  -0.038  -0.040  -0.108  -0.194  -0.054   0.103 
  2.340  -0.437   0.184  -0.005   0.115   0.096  -0.033  -0.020  -0.042   0.011  -0.032  -0.023  -0.010 
  2.261  -0.655   0.130   0.208   0.062  -0.090  -0.139   0.039   0.109   0.018  -0.104  -0.033  -0.009 
  2.425  -0.314   0.214   0.101   0.069  -0.057   0.037   0.070  -0.014  -0.023  -0.128  -0.026  -0.033 
  2.410  -0.334   0.200   0.133   0.165   0.062   0.006   0.048  -0.070  -0.002  -0.008  -0.148  -0.147 
  2.376  -0.401   0.107   0.125   0.255   0.098   0.129   0.092  -0.033  -0.042  -0.076  -0.167  -0.077 
  2.325  -0.541  -0.040  -0.182  -0.115  -0.023   0.052   0.122   0.147   0.136   0.110   0.171   0.018 
  2.481  -0.376   0.239   0.047   0.141   0.042   0.159   0.078  -0.084  -0.011  -0.002   0.049  -0.122 
  2.639  -0.278   0.207  -0.105  -0.101  -0.167   0.061   0.059  -0.100   0.156   0.024   0.162   0.095 
  2.886  -0.297   0.154  -0.245  -0.263  -0.103   0.062  -0.030  -0.189  -0.074  -0.016   0.102   0.062 
  2.780  -0.257   0.132  -0.155  -0.183  -0.125   0.026   0.063  -0.132  -0.116  -0.090   0.156   0.131 
  2.914  -0.154   0.135  -0.146  -0.018   0.011  -0.029  -0.023  -0.050  -0.111  -0.182   0.020   0.107 
  2.578  -0.245   0.262   0.034   0.013   0.076   0.203   0.113  -0.083  -0.120   0.015   0.059   0.013 
  3.078  -0.075   0.160  -0.110  -0.099   0.009   0.157   0.114  -0.043  -0.180  -0.175  -0.025   0.064 
  2.915  -0.126   0.106  -0.250  -0.108   0.064   0.145   0.068  -0.111  -0.107  -0.155  -0.006  -0.055 
  2.791  -0.234   0.107  -0.305  -0.091   0.001   0.195   0.150  -0.074  -0.131  -0.000   0.122   0.103 
  2.877  -0.096   0.124  -0.103  -0.026   0.152   0.126   0.239  -0.025  -0.088  -0.041  -0.039   0.091 
  2.805  -0.198   0.101  -0.100  -0.018   0.161   0.041   0.066  -0.194  -0.226  -0.127  -0.066   0.125 
  2.986  -0.215   0.203   0.019  -0.076   0.065   0.105  -0.108  -0.202  -0.128  -0.201   0.005   0.023 
  3.065  -0.203   0.389   0.061  -0.003   0.018  -0.045   0.026  -0.078  -0.170  -0.135  -0.016  -0.010 
  3.129  -0.113   0.309  -0.085  -0.146  -0.160  -0.049   0.064  -0.025  -0.160  -0.073  -0.066   0.071 
  3.275  -0.037   0.280  -0.074  -0.066  -0.227  -0.169   0.019  -0.237  -0.042   0.006  -0.213   0.016 
  3.317   0.049   0.336   0.010  -0.123  -0.141  -0.021   0.032  -0.151  -0.089  -0.067  -0.157  -0.081 
  3.133  -0.116   0.292   0.025  -0.112   0.023  -0.007   0.031   0.126   0.088   0.012  -0.109  -0.084 
  3.149  -0.361   0.129  -0.040   0.039   0.157   0.029   0.057  -0.015  -0.064  -0.094  -0.122  -0.054 
  2.943  -0.171   0.230  -0.133   0.035   0.183   0.233   0.001  -0.004   0.156  -0.073  -0.124  -0.113 
  2.965  -0.189   0.137  -0.057  -0.193  -0.048   0.082   0.080  -0.045  -0.002  -0.032  -0.051  -0.020 
  2.862  -0.221   0.136  -0.132  -0.035  -0.098  -0.016   0.061   0.043  -0.102   0.015  -0.009  -0.057 
  2.883  -0.148   0.205   0.034   0.196   0.074   0.189   0.036  -0.118  -0.279  -0.197   0.017   0.087 
  2.842  -0.138   0.233   0.090   0.184   0.178   0.147   0.004  -0.140   0.009   0.054  -0.033  -0.116 
  2.461  -0.344   0.220   0.275   0.091   0.015   0.133  -0.008   0.024   0.031   0.002  -0.117  -0.112 
  2.955  -0.254   0.200  -0.025  -0.148   0.058   0.216   0.009  -0.137  -0.141   0.028  -0.119  -0.053 
  2.686  -0.298   0.304  -0.140  -0.201   0.101   0.162  -0.011  -0.181   0.042   0.043  -0.035  -0.064 
  2.716  -0.344   0.314  -0.002  -0.215   0.032  -0.023  -0.006  -0.039   0.172   0.002   0.004   0.004 
  2.266  -0.338   0.115   0.036   0.071  -0.107  -0.087  -0.024  -0.105  -0.096   0.011   0.045   0.020 
  2.370  -0.390   0.210   0.185  -0.020   0.012   0.151   0.079   0.008  -0.050  -0.064  -0.090  -0.135 
  2.177  -0.343   0.163   0.083   0.125   0.077   0.178   0.134   0.029  -0.087  -0.075  -0.040   0.007 
  2.166  -0.394   0.232   0.007   0.059   0.191   0.058  -0.079  -0.135   0.035   0.111  -0.017  -0.021 
  2.299  -0.461   0.063  -0.017   0.129   0.051   0.144  -0.046  -0.136   0.081  -0.027  -0.022  -0.076 
  2.443  -0.398   0.009   0.073   0.119   0.041   0.014   0.025  -0.094  -0.095  -0.023  -0.142  -0.092 
  2.517  -0.311   0.219   0.078   0.028   0.012  -0.036  -0.061   0.050   0.003  -0.096  -0.064   0.046 
